1	VIPS	1	11103	6000	0212341234	2011-01-01	30	101	
2	PIZZAHUT	2	11111	4000	0283829184	2011-01-01	40	201	
3	ASHLEY	3	11143	7000	0295821345	2011-05-06	50	301	
4	OUTBACK	4	11143	6000	0295211234	2012-05-09	60	401	
5	BENNIGANS	5	11103	6000	0291856723	2015-03-23	70	501	
6	BLACK SMITH	6	11101	4000	0295221682	2014-09-19	80	601	
7	TGI FRIDAYS	7	11107	6000	0215881922	2014-10-03	90	101	
8	LOTTERIA	8	11111	8000	0259887232	2013-07-07	50	201	
9	MCDONALD	9	11101	8000	0215881688	2015-01-03	60	301	
10	TWOSOMEPLACE	1	11103	9000	0225259292	2012-09-30	90	401	
11	TOUSLESJOURS	1	11107	9000	0212349555	2012-04-24	70	501	
12	JESSICA KITCHEN	10	11111	4000	0291586882	2014-11-22	80	601
13  DEAR BREAD 11 11103 9000 029384759 2015-01-29 100 101
14  BIBIGO 1  11143 1000 028310485 2010-05-30 90 301
15  MISOYA  12 11143 3000 023810573 2009-11-30 30 301
16  CHINA FACTORY 1 11107 2000 0239104750 2011-02-03 80 501
17  SUSHI BOX 13 11103 3000 020485739 2013-09-21 100 401
18  HAN COOK 14  11111 1000 023910593 2012-12-30 90 101
19  MILLE FEUILLE 15  11143 3000 023911183 2011-03-03 70 101
20  CURRY BURI 16  11103 5000 023910934 2013-08-21 40 401
